Point(1) = {-8.000000, 8.000000, 0, 1.0};
Point(2) = {-8.000000, -8.000000, 0, 1.0};
Point(3) = {8.000000, -8.000000, 0, 1.0};
Point(4) = {8.000000, 8.000000, 0, 1.0};

Line(1) = {2, 1};
Line(2) = {1, 4};
Line(3) = {4, 3};
Line(4) = {3, 2};
Line Loop(1) = {2, 3, 4, 1};
Plane Surface(5) = {1};
