l=0.5;
Point(1) = {9.130000,0.000000,0.000000,l};
Point(2) = {12.130000,0.000000,0.000000,l};
Point(3) = {6.130000,0.000000,0.000000,l};
Point(4) = {9.130000,3.000000,0.000000,l};
Point(5) = {45.650000,0.000000,0.000000,l};
Point(6) = {48.650000,0.000000,0.000000,l};
Point(7) = {42.650000,0.000000,0.000000,l};
Point(8) = {45.650000,3.000000,0.000000,l};
Point(9) = {45.650000,31.627248,0.000000,l};
Point(10) = {48.650000,31.627248,0.000000,l};
Point(11) = {42.650000,31.627248,0.000000,l};
Point(12) = {45.650000,28.627248,0.000000,l};
Point(13) = {9.130000,31.627248,0.000000,l};
Point(14) = {12.130000,31.627248,0.000000,l};
Point(15) = {6.130000,31.627248,0.000000,l};
Point(16) = {9.130000,28.627248,0.000000,l};
Point(17) = {18.260000,15.813624,0.000000,l};
Point(18) = {21.260000,15.813624,0.000000,l};
Point(19) = {15.260000,15.813624,0.000000,l};
Point(20) = {18.260000,18.813624,0.000000,l};
Point(21) = {18.260000,12.813624,0.000000,l};
Point(22) = {36.520000,15.813624,0.000000,l};
Point(23) = {39.520000,15.813624,0.000000,l};
Point(24) = {33.520000,15.813624,0.000000,l};
Point(25) = {36.520000,18.813624,0.000000,l};
Point(26) = {36.520000,12.813624,0.000000,l};
Point(27) = {27.390000,0.000000,0.000000,l};
Point(28) = {32.890000,0.000000,0.000000,l};
Point(29) = {21.890000,0.000000,0.000000,l};
Point(30) = {27.390000,5.500000,0.000000,l};
Point(31) = {27.390000,31.627248,0.000000,l};
Point(32) = {32.890000,31.627248,0.000000,l};
Point(33) = {21.890000,31.627248,0.000000,l};
Point(34) = {27.390000,26.127248,0.000000,l};
Point(35) = {54.780000,15.813624,0.000000,l};
Point(36) = {49.280000,15.813624,0.000000,l};
Point(37) = {54.780000,21.313624,0.000000,l};
Point(38) = {54.780000,10.313624,0.000000,l};
Point(39) = {0.000000,15.813624,0.000000,l};
Point(40) = {5.500000,15.813624,0.000000,l};
Point(41) = {0.000000,21.313624,0.000000,l};
Point(42) = {0.000000,10.313624,0.000000,l};
Point(43) = {0.000000,0.000000,0.000000,l};
Point(44) = {54.780000,31.627248,0.000000,l};
Point(45) = {0.000000,31.627248,0.000000,l};
Point(46) = {54.780000,0.000000,0.000000,l};

Circle(1) = {15, 13, 16};
Circle(2) = {16, 13, 14};
Circle(3) = {33, 31, 34};
Circle(4) = {34, 31, 32};
Circle(5) = {11, 9, 12};
Circle(6) = {10, 9, 12};
Circle(7) = {37, 35, 36};
Circle(8) = {36, 35, 38};
Circle(9) = {6, 5, 8};
Circle(10) = {7, 5, 8};
Circle(11) = {29, 27, 30};
Circle(12) = {28, 27, 30};
Circle(13) = {3, 1, 4};
Circle(14) = {2, 1, 4};
Circle(15) = {42, 39, 40};
Circle(16) = {40, 39, 41};
Circle(17) = {19, 17, 20};
Circle(18) = {18, 17, 20};
Circle(19) = {19, 17, 21};
Circle(20) = {21, 17, 18};
Circle(21) = {24, 22, 25};
Circle(22) = {25, 22, 23};
Circle(23) = {23, 22, 26};
Circle(24) = {26, 22, 24};
Line(25) = {41, 45};
Line(26) = {45, 15};
Line(27) = {14, 33};
Line(28) = {32, 11};
Line(29) = {10, 44};
Line(30) = {44, 37};
Line(31) = {38, 46};
Line(32) = {46, 6};
Line(33) = {7, 28};
Line(34) = {29, 2};
Line(35) = {3, 43};
Line(36) = {43, 42};
Line Loop(37) = {25, 26, 1, 2, 27, 3, 4, 28, 5, -6, 29, 30, 7, 8, 31, 32, 9, -10, 33, 12, -11, 34, 14, -13, 35,
36, 15, 16};
Line Loop(38) = {17, -18, -20, -19};
Line Loop(39) = {21, 22, 23, 24};
Plane Surface(40) = {37, 38, 39};

